[gd_scene load_steps=23 format=3 uid="uid://comxwbj6d6cxk"]

[ext_resource type="PackedScene" uid="uid://cn65k1b6rqpes" path="res://Assets/Models/Placeholders/Knight.fbx" id="1_ox3sj"]
[ext_resource type="Script" path="res://Logic/Player/MovementControls.gd" id="2_aepsb"]
[ext_resource type="Script" path="res://Logic/Player/DodgingControls.gd" id="3_ih5cc"]
[ext_resource type="Script" path="res://Logic/Player/RangedAttackControls.gd" id="4_5cco2"]

[sub_resource type="CapsuleShape3D" id="CapsuleShape3D_tsyot"]
height = 1.6234

[sub_resource type="CapsuleMesh" id="CapsuleMesh_nrej8"]

[sub_resource type="AnimationNodeAnimation" id="AnimationNodeAnimation_6xcs2"]
animation = &"1H_Ranged_Aiming"

[sub_resource type="AnimationNodeAnimation" id="AnimationNodeAnimation_7hy36"]
animation = &"1H_Ranged_Shoot"

[sub_resource type="AnimationNodeAnimation" id="AnimationNodeAnimation_cb8ch"]
animation = &"Dodge_Forward"

[sub_resource type="AnimationNodeAnimation" id="AnimationNodeAnimation_10juv"]
animation = &"Idle"

[sub_resource type="AnimationNodeAnimation" id="AnimationNodeAnimation_vclwf"]
animation = &"Running_A"

[sub_resource type="AnimationNodeAnimation" id="AnimationNodeAnimation_pdufi"]
animation = &"Running_A"

[sub_resource type="AnimationNodeAnimation" id="AnimationNodeAnimation_xk8xb"]
animation = &"Running_A"

[sub_resource type="AnimationNodeAnimation" id="AnimationNodeAnimation_as7dn"]
animation = &"Running_A"

[sub_resource type="AnimationNodeBlendSpace2D" id="AnimationNodeBlendSpace2D_4n613"]
blend_point_0/node = SubResource("AnimationNodeAnimation_10juv")
blend_point_0/pos = Vector2(0, 0)
blend_point_1/node = SubResource("AnimationNodeAnimation_vclwf")
blend_point_1/pos = Vector2(0, 1)
blend_point_2/node = SubResource("AnimationNodeAnimation_pdufi")
blend_point_2/pos = Vector2(-1, 0)
blend_point_3/node = SubResource("AnimationNodeAnimation_xk8xb")
blend_point_3/pos = Vector2(1, 0)
blend_point_4/node = SubResource("AnimationNodeAnimation_as7dn")
blend_point_4/pos = Vector2(0, -1)

[sub_resource type="AnimationNodeStateMachineTransition" id="AnimationNodeStateMachineTransition_ho307"]
advance_mode = 2

[sub_resource type="AnimationNodeStateMachineTransition" id="AnimationNodeStateMachineTransition_532cg"]
advance_mode = 2
advance_condition = &"is_dodging"

[sub_resource type="AnimationNodeStateMachineTransition" id="AnimationNodeStateMachineTransition_4aiyr"]
xfade_time = 0.4
advance_mode = 2
advance_condition = &"is_dodging_completed"

[sub_resource type="AnimationNodeStateMachineTransition" id="AnimationNodeStateMachineTransition_bp8a1"]
advance_mode = 2
advance_condition = &"is_aiming"

[sub_resource type="AnimationNodeStateMachineTransition" id="AnimationNodeStateMachineTransition_krbav"]
xfade_time = 0.5
advance_mode = 2
advance_condition = &"has_released_shot"

[sub_resource type="AnimationNodeStateMachineTransition" id="AnimationNodeStateMachineTransition_m85yt"]
switch_mode = 2
advance_mode = 2

[sub_resource type="AnimationNodeStateMachine" id="AnimationNodeStateMachine_wqlad"]
states/1H_Ranged_Aiming/node = SubResource("AnimationNodeAnimation_6xcs2")
states/1H_Ranged_Aiming/position = Vector2(252, 214)
states/1H_Ranged_Shoot/node = SubResource("AnimationNodeAnimation_7hy36")
states/1H_Ranged_Shoot/position = Vector2(419, 296)
states/Dodge_Forward/node = SubResource("AnimationNodeAnimation_cb8ch")
states/Dodge_Forward/position = Vector2(709, 48)
states/End/position = Vector2(1101, 100)
states/IdleAndMovement/node = SubResource("AnimationNodeBlendSpace2D_4n613")
states/IdleAndMovement/position = Vector2(460, 100)
transitions = ["Start", "IdleAndMovement", SubResource("AnimationNodeStateMachineTransition_ho307"), "IdleAndMovement", "Dodge_Forward", SubResource("AnimationNodeStateMachineTransition_532cg"), "Dodge_Forward", "IdleAndMovement", SubResource("AnimationNodeStateMachineTransition_4aiyr"), "IdleAndMovement", "1H_Ranged_Aiming", SubResource("AnimationNodeStateMachineTransition_bp8a1"), "1H_Ranged_Aiming", "1H_Ranged_Shoot", SubResource("AnimationNodeStateMachineTransition_krbav"), "1H_Ranged_Shoot", "IdleAndMovement", SubResource("AnimationNodeStateMachineTransition_m85yt")]
graph_offset = Vector2(57, -53)

[node name="Player" type="CharacterBody3D"]
transform = Transform3D(1, 0, 0, 0, 1, 0, 0, 0, 1, 0, 3.55645, 0)

[node name="Knight" parent="." instance=ExtResource("1_ox3sj")]
transform = Transform3D(-0.65, 0, -5.68248e-08, 0, 0.65, 0, 5.68248e-08, 0, -0.65, 0, -0.836309, 0)

[node name="Skeleton3D" parent="Knight/RootNode/Rig" index="0"]
bones/0/position = Vector3(0, 0.0005, -2.18557e-11)
bones/1/position = Vector3(6.31089e-32, 0.0043473, 2.00652e-27)
bones/1/rotation = Quaternion(0.100762, -1.18603e-07, 1.20117e-08, 0.994911)
bones/2/rotation = Quaternion(0.112753, 0.0890695, -0.00701008, 0.989598)
bones/3/rotation = Quaternion(0.0421446, 0.00146792, 0.00755137, 0.999082)
bones/5/position = Vector3(0.00212007, 0.00124592, -0.000490813)
bones/5/rotation = Quaternion(-0.736505, -0.222142, -0.580562, 0.266762)
bones/6/rotation = Quaternion(1.10574e-07, -5.82305e-08, -0.518176, 0.855274)
bones/8/rotation = Quaternion(-0.110012, -0.321407, -0.271906, 0.900368)
bones/9/rotation = Quaternion(-0.0545054, 0.0545054, -0.539162, 0.838667)
bones/15/position = Vector3(-0.00186377, 0.0011176, -0.000421582)
bones/15/rotation = Quaternion(-0.838558, 0.13289, 0.408092, 0.335592)
bones/16/rotation = Quaternion(-9.08177e-08, 4.37494e-08, 0.4708, 0.88224)
bones/18/rotation = Quaternion(-0.17837, 0.339796, 0.350692, 0.854247)
bones/19/rotation = Quaternion(-0.0545054, -0.0545054, 0.539162, 0.838667)
bones/22/rotation = Quaternion(-0.129843, -0.101984, 0.00623757, 0.986256)
bones/24/position = Vector3(0.00170945, 0.00113587, 0.000621287)
bones/24/rotation = Quaternion(0.801186, -1.888e-08, 8.35423e-09, 0.598416)
bones/25/rotation = Quaternion(0.568941, 5.60812e-08, -4.02959e-08, 0.822379)
bones/26/rotation = Quaternion(-0.632699, 3.32079e-08, -9.45792e-08, 0.774398)
bones/27/rotation = Quaternion(1.24799e-09, 0.920355, -0.391084, 1.44151e-07)
bones/28/position = Vector3(-0.00170945, 0.00113587, -0.000621287)
bones/28/rotation = Quaternion(0.997559, 2.83202e-07, 3.90626e-08, 0.0698227)
bones/29/rotation = Quaternion(0.686783, -1.79891e-08, 4.36688e-07, 0.726863)
bones/30/rotation = Quaternion(-0.249384, 1.93078e-07, -2.20397e-07, 0.968405)
bones/31/rotation = Quaternion(-1.9685e-08, 0.86274, -0.505648, -1.42806e-07)
bones/32/position = Vector3(0.00170945, 0.00328534, 0.00612037)
bones/32/rotation = Quaternion(0.707107, -2.29302e-07, -4.60551e-08, 0.707107)
bones/33/position = Vector3(0.00170945, 0.00268162, 0.0058196)
bones/33/rotation = Quaternion(-0.853507, -4.98468e-08, -8.84514e-08, 0.521082)
bones/39/position = Vector3(-0.00170945, 0.00328534, 0.00612037)
bones/39/rotation = Quaternion(0.707107, -3.82385e-08, 1.45009e-07, 0.707107)
bones/40/position = Vector3(-0.00170945, 0.0011058, -0.00400898)
bones/40/rotation = Quaternion(0.134338, -1.045e-07, 1.83481e-08, 0.990936)
bones/46/position = Vector3(0.00453507, 0.00906761, -0.00688859)
bones/47/position = Vector3(0.00513182, 0.00839757, 0.0011844)
bones/47/rotation = Quaternion(-0.65809, -0.468163, -0.529927, -0.258684)
bones/48/position = Vector3(-0.00453507, 0.00906761, -0.0068886)
bones/49/position = Vector3(-0.00513182, 0.00839757, 0.0011844)
bones/49/rotation = Quaternion(0.65809, -0.468163, -0.529927, 0.258684)

[node name="Knight_Cape" parent="Knight/RootNode/Rig/Skeleton3D" index="0"]
transform = Transform3D(0.984034, 0.0338254, 0.174737, 0.056535, 0.871523, -0.487085, -0.168764, 0.489187, 0.855696, 0.00020963, 0.0122613, 0.00312281)
bone_idx = 4

[node name="Rectangle_Shield" parent="Knight/RootNode/Rig/Skeleton3D" index="1"]
transform = Transform3D(-0.342013, 3.33422e-06, 0.939695, 0.751781, 0.599966, 0.273618, -0.563784, 0.800026, -0.205199, 0.00689217, 0.00806361, 0.00254545)
bone_idx = 10

[node name="Round_Shield" parent="Knight/RootNode/Rig/Skeleton3D" index="2"]
transform = Transform3D(-0.342013, 3.33422e-06, 0.939695, 0.751781, 0.599966, 0.273618, -0.563784, 0.800026, -0.205199, 0.00689217, 0.00806361, 0.00254545)
bone_idx = 11

[node name="Spike_Shield" parent="Knight/RootNode/Rig/Skeleton3D" index="3"]
transform = Transform3D(-0.342013, 3.33422e-06, 0.939695, 0.751781, 0.599966, 0.273618, -0.563784, 0.800026, -0.205199, 0.00689217, 0.00806361, 0.00254545)
bone_idx = 12

[node name="Badge_Shield" parent="Knight/RootNode/Rig/Skeleton3D" index="4"]
transform = Transform3D(-0.342013, 3.33422e-06, 0.939695, 0.751781, 0.599966, 0.273618, -0.563784, 0.800026, -0.205199, 0.00689217, 0.00806361, 0.00254545)
bone_idx = 13

[node name="1H_Sword_Offhand" parent="Knight/RootNode/Rig/Skeleton3D" index="5"]
transform = Transform3D(-0.342013, 3.33422e-06, 0.939695, 0.751781, 0.599966, 0.273618, -0.563784, 0.800026, -0.205199, 0.00542732, 0.00763708, 0.00286532)
bone_idx = 14

[node name="2H_Sword" parent="Knight/RootNode/Rig/Skeleton3D" index="6"]
transform = Transform3D(-0.342009, 4.19024e-06, -0.939696, -0.751789, 0.599953, 0.273622, 0.563775, 0.800035, -0.205186, -0.00543024, 0.0077126, 0.00285137)
bone_idx = 20

[node name="1H_Sword" parent="Knight/RootNode/Rig/Skeleton3D" index="7"]
transform = Transform3D(-0.342009, 4.19024e-06, -0.939696, -0.751789, 0.599953, 0.273622, 0.563775, 0.800035, -0.205186, -0.00543024, 0.0077126, 0.00285137)
bone_idx = 21

[node name="Knight_Helmet" parent="Knight/RootNode/Rig/Skeleton3D" index="8"]
transform = Transform3D(0.999668, 0.00166032, -0.0257152, -0.00803625, 0.968241, -0.249891, 0.0244835, 0.250014, 0.967933, 0.000217848, 0.0122366, 0.00318388)
bone_idx = 23

[node name="CollisionShape3D" type="CollisionShape3D" parent="."]
shape = SubResource("CapsuleShape3D_tsyot")

[node name="MeshInstance3D" type="MeshInstance3D" parent="."]
visible = false
mesh = SubResource("CapsuleMesh_nrej8")

[node name="controls" type="Node" parent="."]

[node name="MovementControls" type="Node3D" parent="controls"]
script = ExtResource("2_aepsb")

[node name="DodgingControls" type="Node3D" parent="controls"]
script = ExtResource("3_ih5cc")

[node name="RangedAttackControls" type="Node3D" parent="controls"]
script = ExtResource("4_5cco2")

[node name="animations" type="AnimationTree" parent="."]
tree_root = SubResource("AnimationNodeStateMachine_wqlad")
anim_player = NodePath("../Knight/AnimationPlayer")
active = true
parameters/conditions/has_released_shot = false
parameters/conditions/is_aiming = false
parameters/conditions/is_dodging = false
parameters/conditions/is_dodging_completed = false
parameters/IdleAndMovement/blend_position = Vector2(0.00960004, 1.04682)

[editable path="Knight"]
