[gd_scene load_steps=23 format=3 uid="uid://comxwbj6d6cxk"]

[ext_resource type="PackedScene" uid="uid://cn65k1b6rqpes" path="res://Assets/Models/Placeholders/Knight.fbx" id="1_ox3sj"]
[ext_resource type="Script" path="res://Objects/Player/MovementControls.gd" id="2_cr4bx"]
[ext_resource type="Script" path="res://Objects/Player/DodgingControls.gd" id="3_84egt"]
[ext_resource type="Script" path="res://Objects/Player/RangedAttackControls.gd" id="4_abo8g"]

[sub_resource type="CapsuleShape3D" id="CapsuleShape3D_tsyot"]
height = 1.6234

[sub_resource type="CapsuleMesh" id="CapsuleMesh_nrej8"]

[sub_resource type="AnimationNodeAnimation" id="AnimationNodeAnimation_6xcs2"]
animation = &"1H_Ranged_Aiming"

[sub_resource type="AnimationNodeAnimation" id="AnimationNodeAnimation_7hy36"]
animation = &"1H_Ranged_Shoot"

[sub_resource type="AnimationNodeAnimation" id="AnimationNodeAnimation_cb8ch"]
animation = &"Dodge_Forward"

[sub_resource type="AnimationNodeAnimation" id="AnimationNodeAnimation_10juv"]
animation = &"Idle"

[sub_resource type="AnimationNodeAnimation" id="AnimationNodeAnimation_vclwf"]
animation = &"Running_A"

[sub_resource type="AnimationNodeAnimation" id="AnimationNodeAnimation_pdufi"]
animation = &"Running_A"

[sub_resource type="AnimationNodeAnimation" id="AnimationNodeAnimation_xk8xb"]
animation = &"Running_A"

[sub_resource type="AnimationNodeAnimation" id="AnimationNodeAnimation_as7dn"]
animation = &"Running_A"

[sub_resource type="AnimationNodeBlendSpace2D" id="AnimationNodeBlendSpace2D_4n613"]
blend_point_0/node = SubResource("AnimationNodeAnimation_10juv")
blend_point_0/pos = Vector2(0, 0)
blend_point_1/node = SubResource("AnimationNodeAnimation_vclwf")
blend_point_1/pos = Vector2(0, 1)
blend_point_2/node = SubResource("AnimationNodeAnimation_pdufi")
blend_point_2/pos = Vector2(-1, 0)
blend_point_3/node = SubResource("AnimationNodeAnimation_xk8xb")
blend_point_3/pos = Vector2(1, 0)
blend_point_4/node = SubResource("AnimationNodeAnimation_as7dn")
blend_point_4/pos = Vector2(0, -1)

[sub_resource type="AnimationNodeStateMachineTransition" id="AnimationNodeStateMachineTransition_ho307"]
advance_mode = 2

[sub_resource type="AnimationNodeStateMachineTransition" id="AnimationNodeStateMachineTransition_532cg"]
advance_mode = 2
advance_condition = &"is_dodging"

[sub_resource type="AnimationNodeStateMachineTransition" id="AnimationNodeStateMachineTransition_4aiyr"]
xfade_time = 0.4
advance_mode = 2
advance_condition = &"is_dodging_completed"

[sub_resource type="AnimationNodeStateMachineTransition" id="AnimationNodeStateMachineTransition_bp8a1"]
advance_mode = 2
advance_condition = &"is_aiming"

[sub_resource type="AnimationNodeStateMachineTransition" id="AnimationNodeStateMachineTransition_krbav"]
xfade_time = 0.5
advance_mode = 2
advance_condition = &"has_released_shot"

[sub_resource type="AnimationNodeStateMachineTransition" id="AnimationNodeStateMachineTransition_m85yt"]
switch_mode = 2
advance_mode = 2

[sub_resource type="AnimationNodeStateMachine" id="AnimationNodeStateMachine_wqlad"]
states/1H_Ranged_Aiming/node = SubResource("AnimationNodeAnimation_6xcs2")
states/1H_Ranged_Aiming/position = Vector2(252, 214)
states/1H_Ranged_Shoot/node = SubResource("AnimationNodeAnimation_7hy36")
states/1H_Ranged_Shoot/position = Vector2(419, 296)
states/Dodge_Forward/node = SubResource("AnimationNodeAnimation_cb8ch")
states/Dodge_Forward/position = Vector2(709, 48)
states/End/position = Vector2(1101, 100)
states/IdleAndMovement/node = SubResource("AnimationNodeBlendSpace2D_4n613")
states/IdleAndMovement/position = Vector2(460, 100)
transitions = ["Start", "IdleAndMovement", SubResource("AnimationNodeStateMachineTransition_ho307"), "IdleAndMovement", "Dodge_Forward", SubResource("AnimationNodeStateMachineTransition_532cg"), "Dodge_Forward", "IdleAndMovement", SubResource("AnimationNodeStateMachineTransition_4aiyr"), "IdleAndMovement", "1H_Ranged_Aiming", SubResource("AnimationNodeStateMachineTransition_bp8a1"), "1H_Ranged_Aiming", "1H_Ranged_Shoot", SubResource("AnimationNodeStateMachineTransition_krbav"), "1H_Ranged_Shoot", "IdleAndMovement", SubResource("AnimationNodeStateMachineTransition_m85yt")]
graph_offset = Vector2(57, -53)

[node name="Player" type="CharacterBody3D"]
transform = Transform3D(1, 0, 0, 0, 1, 0, 0, 0, 1, 0, 3.55645, 0)

[node name="Knight" parent="." instance=ExtResource("1_ox3sj")]
transform = Transform3D(-0.65, 0, -5.68248e-08, 0, 0.65, 0, 5.68248e-08, 0, -0.65, 0, -0.836309, 0)

[node name="Skeleton3D" parent="Knight/RootNode/Rig" index="0"]
bones/0/position = Vector3(0, 0.0005, -2.18557e-11)
bones/1/position = Vector3(6.31089e-32, 0.00392163, -6.03151e-28)
bones/1/rotation = Quaternion(0.0963537, -1.18655e-07, 1.14863e-08, 0.995347)
bones/2/rotation = Quaternion(0.11218, -0.125087, 0.00982808, 0.985734)
bones/3/rotation = Quaternion(0.0421348, -0.00206941, -0.0106461, 0.999053)
bones/5/position = Vector3(0.00212007, 0.00124592, -0.000490813)
bones/5/rotation = Quaternion(-0.862016, -0.0915284, -0.330366, 0.373376)
bones/6/rotation = Quaternion(1.12415e-07, -5.45899e-08, -0.48998, 0.871734)
bones/8/rotation = Quaternion(-0.234087, -0.326168, -0.32926, 0.854638)
bones/9/rotation = Quaternion(-0.0545054, 0.0545054, -0.539162, 0.838667)
bones/15/position = Vector3(-0.00186377, 0.0011176, -0.000421582)
bones/15/rotation = Quaternion(-0.731741, 0.214772, 0.577726, 0.290965)
bones/16/rotation = Quaternion(-9.55169e-08, 3.22238e-08, 0.575936, 0.817495)
bones/18/rotation = Quaternion(-0.130326, 0.309233, 0.205998, 0.919214)
bones/19/rotation = Quaternion(-0.0545054, -0.0545054, 0.539162, 0.838667)
bones/22/rotation = Quaternion(-0.129596, 0.118926, -0.00727379, 0.984382)
bones/24/position = Vector3(0.00170945, 0.00113587, -0.00078125)
bones/24/rotation = Quaternion(0.999946, -1.03137e-08, 1.7885e-08, 0.0104059)
bones/25/rotation = Quaternion(0.621931, 5.3302e-08, -4.39062e-08, 0.783072)
bones/26/rotation = Quaternion(-0.155348, -1.90679e-08, -9.84094e-08, 0.98786)
bones/27/rotation = Quaternion(1.24799e-09, 0.920355, -0.391084, 1.44151e-07)
bones/28/position = Vector3(-0.00170945, 0.00113587, 0.000781251)
bones/28/rotation = Quaternion(0.931563, 2.58739e-07, 1.21587e-07, 0.363581)
bones/29/rotation = Quaternion(0.00196545, -3.12385e-07, 3.05672e-07, 0.999998)
bones/30/rotation = Quaternion(-0.489858, 2.43229e-07, -1.63382e-07, 0.871803)
bones/31/rotation = Quaternion(-1.248e-09, 0.920355, -0.391084, -1.44151e-07)
bones/32/position = Vector3(0.00170945, 0.00326338, 0.0060984)
bones/32/rotation = Quaternion(0.707107, -2.29302e-07, -4.60551e-08, 0.707107)
bones/33/position = Vector3(0.00170945, 0.00118191, -0.00394102)
bones/33/rotation = Quaternion(0.198371, -1.00155e-07, 1.6653e-08, 0.980127)
bones/39/position = Vector3(-0.00170945, 0.00326338, 0.0060984)
bones/39/rotation = Quaternion(0.707107, -3.82385e-08, 1.45009e-07, 0.707107)
bones/40/position = Vector3(-0.00170945, 0.00313409, 0.00577086)
bones/40/rotation = Quaternion(-0.928162, -4.3303e-08, -9.68595e-08, 0.372176)
bones/46/position = Vector3(0.00453507, 0.00906761, -0.00688859)
bones/47/position = Vector3(0.00513182, 0.00839757, 0.0011844)
bones/47/rotation = Quaternion(-0.66804, -0.446285, -0.548479, -0.23178)
bones/48/position = Vector3(-0.00453507, 0.00906761, -0.0068886)
bones/49/position = Vector3(-0.00513182, 0.00839757, 0.0011844)
bones/49/rotation = Quaternion(0.668041, -0.446285, -0.548479, 0.23178)

[node name="Knight_Cape" parent="Knight/RootNode/Rig/Skeleton3D" index="0"]
transform = Transform3D(0.968512, -0.0474144, -0.244411, -0.0771496, 0.87622, -0.475697, 0.236713, 0.479574, 0.844971, -0.000293236, 0.0118669, 0.00304075)
bone_idx = 4

[node name="Rectangle_Shield" parent="Knight/RootNode/Rig/Skeleton3D" index="1"]
transform = Transform3D(-0.339585, -0.000385468, 0.940575, 0.796526, 0.531713, 0.287796, -0.500227, 0.846925, -0.180255, 0.00723335, 0.00805622, 0.00219631)
bone_idx = 10

[node name="Round_Shield" parent="Knight/RootNode/Rig/Skeleton3D" index="2"]
transform = Transform3D(-0.339585, -0.000385468, 0.940575, 0.796526, 0.531713, 0.287796, -0.500227, 0.846925, -0.180255, 0.00723335, 0.00805622, 0.00219631)
bone_idx = 11

[node name="Spike_Shield" parent="Knight/RootNode/Rig/Skeleton3D" index="3"]
transform = Transform3D(-0.339585, -0.000385468, 0.940575, 0.796526, 0.531713, 0.287796, -0.500227, 0.846925, -0.180255, 0.00723335, 0.00805622, 0.00219631)
bone_idx = 12

[node name="Badge_Shield" parent="Knight/RootNode/Rig/Skeleton3D" index="4"]
transform = Transform3D(-0.339585, -0.000385468, 0.940575, 0.796526, 0.531713, 0.287796, -0.500227, 0.846925, -0.180255, 0.00723335, 0.00805622, 0.00219631)
bone_idx = 13

[node name="1H_Sword_Offhand" parent="Knight/RootNode/Rig/Skeleton3D" index="5"]
transform = Transform3D(-0.339585, -0.000385468, 0.940575, 0.796526, 0.531713, 0.287796, -0.500227, 0.846925, -0.180255, 0.00576713, 0.00760759, 0.0024773)
bone_idx = 14

[node name="2H_Sword" parent="Knight/RootNode/Rig/Skeleton3D" index="6"]
transform = Transform3D(-0.341145, 0.000865567, -0.94001, -0.796339, 0.531072, 0.289493, 0.499463, 0.847326, -0.180483, -0.00516135, 0.00737448, 0.00282824)
bone_idx = 20

[node name="1H_Sword" parent="Knight/RootNode/Rig/Skeleton3D" index="7"]
transform = Transform3D(-0.341145, 0.000865567, -0.94001, -0.796339, 0.531072, 0.289493, 0.499463, 0.847326, -0.180483, -0.00516135, 0.00737448, 0.00282824)
bone_idx = 21

[node name="Knight_Helmet" parent="Knight/RootNode/Rig/Skeleton3D" index="8"]
transform = Transform3D(0.999919, 0.000981867, -0.0127134, -0.00403489, 0.970162, -0.242424, 0.012096, 0.242456, 0.970087, -0.000305589, 0.0118429, 0.0031013)
bone_idx = 23

[node name="CollisionShape3D" type="CollisionShape3D" parent="."]
shape = SubResource("CapsuleShape3D_tsyot")

[node name="MeshInstance3D" type="MeshInstance3D" parent="."]
visible = false
mesh = SubResource("CapsuleMesh_nrej8")

[node name="controls" type="Node" parent="."]

[node name="MovementControls" type="Node3D" parent="controls"]
script = ExtResource("2_cr4bx")

[node name="DodgingControls" type="Node3D" parent="controls"]
script = ExtResource("3_84egt")

[node name="RangedAttackControls" type="Node3D" parent="controls"]
script = ExtResource("4_abo8g")

[node name="animations" type="AnimationTree" parent="."]
tree_root = SubResource("AnimationNodeStateMachine_wqlad")
anim_player = NodePath("../Knight/AnimationPlayer")
active = true
parameters/conditions/has_released_shot = false
parameters/conditions/is_aiming = false
parameters/conditions/is_dodging = false
parameters/conditions/is_dodging_completed = false
parameters/IdleAndMovement/blend_position = Vector2(0.00960004, 1.04682)

[editable path="Knight"]
